1.176091	2.692947	15.000000	493.113117
1.204120	2.582850	16.000000	382.692324
1.230449	2.465583	17.000000	292.134834
1.255273	2.378464	18.000000	239.036442
1.278754	2.332855	19.000000	215.206452
1.301030	2.307719	20.000000	203.104370
1.322219	2.284617	21.000000	192.582623
1.342423	2.270693	22.000000	186.506125
1.361728	2.287057	23.000000	193.667492
1.380211	2.335854	24.000000	216.697472
1.397940	2.389763	25.000000	245.336909
1.414973	2.415841	26.000000	260.519896
1.431364	2.391600	27.000000	246.376902
1.447158	2.304353	28.000000	201.536032
1.462398	2.151401	29.000000	141.710302
1.477121	1.962219	30.000000	91.668264
1.491362	1.856186	31.000000	71.810172
1.505150	1.943825	32.000000	87.866750
1.518514	2.113094	33.000000	129.746014
1.531479	2.253608	34.000000	179.311403
1.544068	2.344912	35.000000	221.264665
1.556303	2.397904	36.000000	249.979423
1.568202	2.429135	37.000000	268.618202
1.579784	2.450942	38.000000	282.450168
1.591065	2.465450	39.000000	292.045088
1.602060	2.464705	40.000000	291.544700
1.612784	2.436373	41.000000	273.132357
1.623249	2.369558	42.000000	234.184248
1.633468	2.259209	43.000000	181.638958
1.643453	2.114281	44.000000	130.101256
1.653213	1.975809	45.000000	94.582150
1.662758	1.916336	46.000000	82.477655
1.672098	1.953786	47.000000	89.905428
1.681241	2.019595	48.000000	104.615193
1.690196	2.054749	49.000000	113.435524
1.698970	2.039369	50.000000	109.488640
1.707570	1.977276	51.000000	94.902217
1.716003	1.891758	52.000000	77.939604
1.724276	1.826545	53.000000	67.072620
1.732394	1.820452	54.000000	66.138147
1.740363	1.866018	55.000000	73.454427
1.748188	1.928050	56.000000	84.732420
1.755875	1.986881	57.000000	97.024310
1.763428	2.043580	58.000000	110.555422
1.770852	2.104464	59.000000	127.193165
1.778151	2.167337	60.000000	147.006682
1.785330	2.219783	61.000000	165.875899
1.792392	2.246420	62.000000	176.368017
1.799341	2.234755	63.000000	171.693866
1.806180	2.176766	64.000000	150.233296
1.812913	2.070150	65.000000	117.530475
1.819544	1.925412	66.000000	84.219278
1.826075	1.785083	67.000000	60.965352
1.832509	1.727692	68.000000	53.418587
1.838849	1.778898	69.000000	60.103189
1.845098	1.870654	70.000000	74.242718
1.851258	1.944814	71.000000	88.067073
1.857332	1.985857	72.000000	96.795948
1.863323	2.000149	73.000000	100.034255
1.869232	2.001040	74.000000	100.239699
1.875061	1.999310	75.000000	99.841238
1.880814	1.996630	76.000000	99.226942
1.886491	1.986224	77.000000	96.877785
1.892095	1.960014	78.000000	91.204064
1.897627	1.916029	79.000000	82.419276
1.903090	1.862675	80.000000	72.891263
1.908485	1.817375	81.000000	65.671239
1.913814	1.794691	82.000000	62.329191
1.919078	1.790713	83.000000	61.760758
1.924279	1.784687	84.000000	60.909748
1.929419	1.755358	85.000000	56.932183
1.934498	1.692523	86.000000	49.263213
1.939519	1.603228	87.000000	40.107734
1.944483	1.518545	88.000000	33.002360
1.949390	1.483826	89.000000	30.466727
1.954243	1.510439	90.000000	32.392101
1.959041	1.559509	91.000000	36.266770
1.963788	1.591294	92.000000	39.020616
1.968483	1.592565	93.000000	39.135011
1.973128	1.574182	94.000000	37.512982
1.977724	1.562632	95.000000	36.528539
1.982271	1.579756	96.000000	37.997544
1.986772	1.618948	97.000000	41.586117
1.991226	1.651764	98.000000	44.850152
1.995635	1.652434	99.000000	44.919388
2.000000	1.609016	100.000000	40.645876
2.004321	1.527329	101.000000	33.676649
2.008600	1.441504	102.000000	27.637828
2.012837	1.413656	103.000000	25.921249
2.017033	1.470346	104.000000	29.535646
2.021189	1.561732	105.000000	36.452934
2.025306	1.632225	106.000000	42.877104
2.029384	1.658833	107.000000	45.586130
2.033424	1.641635	108.000000	43.816239
2.037426	1.596756	109.000000	39.514489
2.041393	1.555137	110.000000	35.903541
2.045323	1.549000	111.000000	35.399734
2.049218	1.582830	112.000000	38.267477
2.053078	1.631367	113.000000	42.792412
2.056905	1.669104	114.000000	46.677123
2.060698	1.686390	115.000000	48.572479
2.064458	1.687345	116.000000	48.679332
2.068186	1.682320	117.000000	48.119403
2.071882	1.678468	118.000000	47.694448
2.075547	1.672674	119.000000	47.062389
2.079181	1.653086	120.000000	44.986889
2.082785	1.607079	121.000000	40.464963
2.086360	1.529508	122.000000	33.846070
2.089905	1.431914	123.000000	27.034244
2.093422	1.352673	124.000000	22.525431
2.096910	1.340284	125.000000	21.891907
2.100371	1.393728	126.000000	24.758692
2.103804	1.462487	127.000000	29.005929
2.107210	1.506400	128.000000	32.092246
2.110590	1.513470	129.000000	32.618960
2.113943	1.492608	130.000000	31.089097
2.117271	1.467944	131.000000	29.372718
2.120574	1.466541	132.000000	29.277963
2.123852	1.494526	133.000000	31.226709
2.127105	1.530660	134.000000	33.935987
2.130334	1.547693	135.000000	35.293395
2.133539	1.528829	136.000000	33.793150
2.136721	1.470382	137.000000	29.538045
2.139879	1.382850	138.000000	24.146294
2.143015	1.293963	139.000000	19.677192
2.146128	1.239406	140.000000	17.354238
2.149219	1.229478	141.000000	16.962020
2.152288	1.237497	142.000000	17.278136
2.155336	1.234454	143.000000	17.157504
2.158362	1.216038	144.000000	16.445151
2.161368	1.205618	145.000000	16.055298
2.164353	1.235136	146.000000	17.184464
2.167317	1.306673	147.000000	20.261568
2.170262	1.387824	148.000000	24.424420
2.173186	1.446005	149.000000	27.925785
2.176091	1.465384	150.000000	29.200046
2.178977	1.444794	151.000000	27.847982
2.181844	1.395441	152.000000	24.856571
2.184691	1.340695	153.000000	21.912636
2.187521	1.307533	154.000000	20.301739
2.190332	1.304449	155.000000	20.158068
2.193125	1.313039	156.000000	20.560746
2.195900	1.308779	157.000000	20.360079
2.198657	1.281147	158.000000	19.104984
2.201397	1.240346	159.000000	17.391851
2.204120	1.214636	160.000000	16.392137
2.206826	1.228389	161.000000	16.919556
2.209515	1.272603	162.000000	18.732832
2.212188	1.313851	163.000000	20.599245
2.214844	1.324170	164.000000	21.094532
2.217484	1.291861	165.000000	19.582169
2.220108	1.222198	166.000000	16.680064
2.222716	1.142382	167.000000	13.879746
2.225309	1.099567	168.000000	12.576720
2.227887	1.119913	169.000000	13.179930
2.230449	1.173379	170.000000	14.906610
2.232996	1.214436	171.000000	16.384603
2.235528	1.220701	172.000000	16.622672
2.238046	1.194934	173.000000	15.665119
2.240549	1.160940	174.000000	14.485702
2.243038	1.152931	175.000000	14.221040
2.245513	1.184878	176.000000	15.306558
2.247973	1.233873	177.000000	17.134576
2.250420	1.266523	178.000000	18.472382
2.252853	1.263282	179.000000	18.335025
2.255273	1.222434	180.000000	16.689142
2.257679	1.161096	181.000000	14.490923
2.260071	1.115162	182.000000	13.036533
2.262451	1.116812	183.000000	13.086152
2.264818	1.157561	184.000000	14.373440
2.267172	1.199507	185.000000	15.830963
2.269513	1.213654	186.000000	16.355114
2.271842	1.192078	187.000000	15.562436
2.274158	1.146475	188.000000	14.011177
2.276462	1.105611	189.000000	12.752954
2.278754	1.098827	190.000000	12.555296
2.281033	1.125757	191.000000	13.358491
2.283301	1.156788	192.000000	14.347890
2.285557	1.163573	193.000000	14.573810
2.287802	1.135455	194.000000	13.660137
2.290035	1.082315	195.000000	12.086900
2.292256	1.035251	196.000000	10.845548
2.294466	1.030151	197.000000	10.718926
2.296665	1.068396	198.000000	11.705653
2.298853	1.114012	199.000000	13.002061
2.301030	1.132081	200.000000	13.554420
